---
title: Introduction to Programming -- Fall 2018
...

# Sorted by total pages graded

|Rank| Grader | Exam 1 Total | Exam 1 Hard | Exam 2 Total | Exam 2 Hard | Final Total | Final Hard | Total | Total Hard |
|--|--------|--------------|-------------|--------------|-------------|----|---|---|---|
|1|Perkins, Dan|474|72|169|0|522|62|1165|134|
|2|Restifo, Gavin|119|113|452|13|562|18|1133|144|
|3|Park, Nathan|384|214|288|40|413|49|1085|303|
|4|McNichols, Caroline|102|62|305|84|395|35|802|181|
|5|Leon, Andrew|156|156|77|77|511|75|744|308|
|6|Pawela, Eric|242|0|51|51|367|0|660|51|
|7|Shelton, Elizabeth|352|175|29|29|276|32|657|236|
|8|Overton, Sarah|109|41|286|18|183|0|578|59|
|9|Thompson, Webster|165|49|123|0|183|183|471|232|
|10|Gatewood, Sean|37|37|137|12|272|34|446|83|
|11|Fishbein, John|165|0|127|127|145|0|437|127|
|12|Emmons, Jessica|256|64|94|94|37|37|387|195|
|13|Maimon, Laura|79|79|156|50|142|71|377|200|
|14|Monaco, Alexander|171|17|92|92|103|103|366|212|
|15|Huchette, Michelle|105|105|74|74|168|0|347|179|
|16|Na, Clara|115|0|77|0|129|129|321|129|
|17|Myers, Danielle|119|119|78|78|112|18|309|215|
|18|Flannery, Conor|306|252|0|0|0|0|306|252|
|19|Do, Megan|181|0|39|11|75|75|295|86|
|20|Liao, Jennifer|123|113|167|167|0|0|290|280|
|21|Musti, Rohit|89|0|19|19|179|0|287|19|
|22|Kiatrungrit, Marcha|100|100|27|27|85|14|212|141|
|23|Burk, Allison|0|0|97|34|105|0|202|34|
|24|Zhigilei, Vasil|144|27|0|0|54|54|198|81|
|25|Arkalgud, Sahana|82|82|53|53|54|0|189|135|
|26|Parvatam, Ruhi|23|23|154|0|5|0|182|23|
|27|Barry, Justin|169|0|0|0|0|0|169|0|
|28|Kovach, Daniel|63|63|49|49|46|0|158|112|
|29|Kulkarni, Chirag|23|0|43|43|80|0|146|43|
|30|Guarriello, Robyn|0|0|0|0|145|0|145|0|
|31|Zummo, Alex|88|12|0|0|53|0|141|12|
|32|Zhao, Joanna|80|0|18|18|0|0|98|18|
|33|Rudek, Joey|23|0|24|24|24|24|71|48|
|34|Sridhar, Ani|0|0|38|38|0|0|38|38|




# Sorted by hard pages graded

|Rank| Grader | Exam 1 Total | Exam 1 Hard | Exam 2 Total | Exam 2 Hard | Final Total | Final Hard | Total | Total Hard |
|--|--------|--------------|-------------|--------------|-------------|----|---|---|---|
|1|Leon, Andrew|156|156|77|77|511|75|744|308|
|2|Park, Nathan|384|214|288|40|413|49|1085|303|
|3|Liao, Jennifer|123|113|167|167|0|0|290|280|
|4|Flannery, Conor|306|252|0|0|0|0|306|252|
|5|Shelton, Elizabeth|352|175|29|29|276|32|657|236|
|6|Thompson, Webster|165|49|123|0|183|183|471|232|
|7|Myers, Danielle|119|119|78|78|112|18|309|215|
|8|Monaco, Alexander|171|17|92|92|103|103|366|212|
|9|Maimon, Laura|79|79|156|50|142|71|377|200|
|10|Emmons, Jessica|256|64|94|94|37|37|387|195|
|11|McNichols, Caroline|102|62|305|84|395|35|802|181|
|12|Huchette, Michelle|105|105|74|74|168|0|347|179|
|13|Restifo, Gavin|119|113|452|13|562|18|1133|144|
|14|Kiatrungrit, Marcha|100|100|27|27|85|14|212|141|
|15|Arkalgud, Sahana|82|82|53|53|54|0|189|135|
|16|Perkins, Dan|474|72|169|0|522|62|1165|134|
|17|Na, Clara|115|0|77|0|129|129|321|129|
|18|Fishbein, John|165|0|127|127|145|0|437|127|
|19|Kovach, Daniel|63|63|49|49|46|0|158|112|
|20|Do, Megan|181|0|39|11|75|75|295|86|
|21|Gatewood, Sean|37|37|137|12|272|34|446|83|
|22|Zhigilei, Vasil|144|27|0|0|54|54|198|81|
|23|Overton, Sarah|109|41|286|18|183|0|578|59|
|24|Pawela, Eric|242|0|51|51|367|0|660|51|
|25|Rudek, Joey|23|0|24|24|24|24|71|48|
|26|Kulkarni, Chirag|23|0|43|43|80|0|146|43|
|27|Sridhar, Ani|0|0|38|38|0|0|38|38|
|28|Burk, Allison|0|0|97|34|105|0|202|34|
|29|Parvatam, Ruhi|23|23|154|0|5|0|182|23|
|30|Musti, Rohit|89|0|19|19|179|0|287|19|
|31|Zhao, Joanna|80|0|18|18|0|0|98|18|
|32|Zummo, Alex|88|12|0|0|53|0|141|12|
|33|Barry, Justin|169|0|0|0|0|0|169|0|
|34|Guarriello, Robyn|0|0|0|0|145|0|145|0|
